frame,cam_z,tilt_deg,depth_med,near_pct,floor_pct,free_mean,sc_voxels,occ_pct,sc_iou,margin,ssc_miou
0001,1.1795,2.45,3.004,0.5,3.4,2.197,5535,76.39,91.04,14.66,58.36
0002,1.3213,0.31,1.791,27.7,0.0,3.356,2927,94.26,90.18,-4.08,29.11
0009,1.3052,2.76,1.582,45.5,4.2,3.061,25233,17.6,61.06,43.46,40.93
0014,1.2057,2.66,2.746,1.7,0.0,2.221,3599,58.04,87.93,29.89,51.14
0015,1.277,2.29,2.708,16.5,10.0,2.172,22439,17.08,60.21,43.13,51.41
0016,1.1932,3.51,2.175,31.4,6.1,2.758,16355,46.02,62.68,16.66,40.96
0017,1.2518,2.34,2.954,9.6,9.7,2.086,43332,10.4,52.52,42.11,47.1
0018,1.334,0.72,3.009,9.3,8.5,2.349,40076,12.16,67.78,55.62,53.69
0021,1.2338,0.6,2.298,2.6,2.6,2.557,37772,9.39,65.35,55.96,38.02
0028,1.4016,0.51,4.353,0.0,4.4,1.113,35784,31.44,60.49,29.05,24.68
0029,1.0617,3.28,3.259,13.7,2.1,2.12,47337,11.92,77.67,65.74,53.91
0030,1.3019,2.48,3.92,0.5,12.5,1.345,37715,16.86,65.62,48.77,48.94
0031,1.3516,2.67,3.402,26.2,6.2,2.329,14541,20.68,62.61,41.93,60.99
0032,1.3939,1.74,2.333,10.1,0.3,2.602,41433,10.68,63.92,53.24,43.02
0033,1.3438,1.92,1.679,7.1,0.0,3.513,563,98.58,96.44,-2.14,52.98
0034,1.1538,1.49,2.769,0.9,1.4,2.473,12245,37.21,90.96,53.75,63.71
0035,1.2897,3.9,4.634,0.2,5.7,0.787,18949,47.83,69.84,22.01,30.55
0036,1.2883,0.89,4.653,1.2,10.3,0.765,25962,35.82,83.03,47.22,39.77
0037,1.1826,3.17,2.644,0.0,4.3,2.161,9920,47.89,78.92,31.02,76.44
0038,1.063,2.17,1.858,23.7,0.5,2.997,25413,14.08,78.38,64.31,37.16
0039,1.2395,5.74,3.244,8.7,2.2,1.953,8386,49.82,82.76,32.93,53.77
0040,1.203,5.78,2.834,2.0,3.0,2.391,3357,57.79,81.85,24.06,48.57
0041,1.2986,8.71,2.974,15.9,3.1,2.59,2376,69.28,77.03,7.75,42.75
0042,1.0901,1.24,1.965,3.4,0.0,3.213,781,99.36,93.21,-6.15,28.31
0043,0.9447,0.38,2.39,1.3,1.0,2.62,3003,83.48,92.71,9.22,55.32
0046,1.2278,11.67,1.11,89.9,0.0,3.249,5133,15.86,88.61,72.75,66.89
0047,1.1286,4.61,1.605,33.7,0.0,3.094,25709,8.99,88.88,79.9,62.67
0056,1.0686,6.72,2.258,15.7,0.6,2.391,4476,94.79,94.08,-0.72,62.05
0057,1.2972,6.43,2.072,31.1,0.3,3.238,2033,74.72,77.43,2.71,41.05
0059,1.1583,8.06,2.191,12.7,11.3,2.553,6891,24.58,88.04,63.46,49.37
0060,1.1572,14.55,2.031,13.5,10.8,2.009,7254,71.44,82.37,10.94,53.76
0061,0.9307,10.02,1.976,12.7,12.4,2.351,4490,66.84,75.26,8.42,44.2
0062,0.8538,13.3,1.667,22.4,5.0,2.833,1759,90.45,88.88,-1.57,67.38
0063,1.1156,6.05,2.132,4.3,2.2,2.814,2513,91.01,88.8,-2.21,43.68
0076,1.1623,2.46,2.794,6.1,0.4,2.233,7183,60.23,87.0,26.77,63.65
0077,1.265,5.09,3.075,1.7,3.5,2.265,3903,67.49,79.26,11.77,53.56
0078,1.499,6.64,1.848,22.5,0.0,3.113,1865,86.54,84.8,-1.74,53.21
0079,1.2238,11.96,2.103,9.9,3.2,2.264,4348,81.28,86.44,5.16,58.95
0084,1.2666,1.73,3.9,14.4,20.0,1.254,26591,47.17,49.76,2.59,49.88
0085,1.0362,1.91,3.426,14.1,10.8,2.162,11807,48.48,57.23,8.75,51.44
0086,0.9505,1.43,2.541,10.4,12.6,2.395,24231,43.25,49.04,5.79,51.04
0087,1.0068,3.18,2.191,12.3,11.6,2.592,34526,30.37,33.31,2.95,51.42
0088,1.0779,1.74,1.321,62.4,3.4,3.524,47923,9.87,62.98,53.11,53.52
0089,1.204,3.11,3.166,3.8,16.0,1.765,35769,18.79,66.07,47.29,53.83
0090,1.3187,5.47,2.583,16.3,17.1,2.145,37857,9.88,57.2,47.32,43.39
0091,1.1308,1.14,2.97,7.0,9.4,1.81,39943,28.29,50.31,22.02,48.19
0117,1.3038,6.38,2.843,0.0,30.3,1.416,12334,42.39,64.96,22.58,53.04
0118,1.3383,10.02,2.835,3.0,28.3,1.068,15806,41.37,78.59,37.22,45.35
0119,1.3103,9.06,3.322,9.2,41.0,0.856,12458,39.65,70.75,31.11,53.43
0125,1.1746,3.89,1.622,33.8,0.1,3.289,8566,57.88,58.99,1.11,45.91
0126,1.1638,2.39,1.439,59.3,0.2,3.315,5719,81.54,71.04,-10.5,37.51
0127,1.1095,2.36,1.403,52.6,0.0,3.591,2387,100.0,99.87,-0.13,61.82
0128,1.2087,5.08,1.046,100.0,0.0,3.988,238,100.0,100.0,0.0,80.42
0129,1.3928,3.89,1.137,96.5,0.0,4.005,1060,79.81,83.39,3.58,34.8
0131,1.385,0.41,1.966,31.0,0.0,3.303,3100,99.94,98.26,-1.68,61.12
0132,1.3447,2.8,1.372,76.2,0.0,3.878,874,100.0,90.27,-9.73,55.34
0133,1.3544,3.45,1.32,86.8,0.0,3.823,598,100.0,94.98,-5.02,48.77
0134,1.3156,4.66,1.692,24.4,0.0,3.31,9148,38.43,47.05,8.62,57.4
0137,1.2147,2.84,1.688,35.8,0.0,3.347,3325,83.73,92.43,8.7,50.88
0153,1.21,10.37,2.465,12.8,2.6,2.147,5387,41.06,51.18,10.12,49.27
0154,1.1302,13.96,2.229,0.0,28.8,1.961,8041,18.08,94.94,76.86,66.62
0155,1.2695,11.34,2.141,24.0,6.9,2.466,3502,66.19,78.62,12.43,44.58
0167,1.2276,7.01,2.109,38.3,6.0,2.693,7769,27.92,71.5,43.59,54.76
0168,1.0754,6.34,1.527,38.3,0.0,3.423,260,100.0,100.0,0.0,63.41
0169,1.2719,8.65,1.869,8.1,1.5,2.878,2225,93.3,88.3,-5.01,62.76
0171,1.2703,10.73,2.396,5.5,11.1,1.964,15501,44.24,70.27,26.03,43.2
0172,1.1867,12.43,2.578,11.1,16.9,1.538,20838,67.89,62.56,-5.32,31.54
0173,1.2488,14.81,1.693,37.0,13.5,1.731,19247,43.41,71.26,27.85,44.88
0174,1.2568,7.37,3.165,5.0,10.3,1.462,17298,52.85,77.06,24.21,61.81
0175,1.1741,7.26,2.349,35.0,7.2,2.694,3831,49.54,79.66,30.12,56.23
0176,1.213,8.38,1.918,14.8,0.0,2.916,2396,87.73,91.87,4.14,61.87
0180,1.2335,10.83,2.216,15.5,1.8,2.215,6055,80.13,78.44,-1.69,59.2
0181,1.1474,11.96,2.176,15.1,1.8,2.376,3515,73.97,83.37,9.4,44.86
0182,1.218,11.01,2.185,12.3,2.5,2.46,4043,85.7,91.35,5.64,52.12
0183,1.1648,5.59,1.949,23.2,0.0,2.914,3501,79.38,82.61,3.24,75.85
0184,1.1262,6.5,1.748,14.9,0.0,3.202,662,77.19,85.74,8.55,36.48
0185,1.2307,7.98,1.97,16.7,2.2,2.801,9269,19.83,71.67,51.85,60.57
0186,1.2166,8.25,2.168,2.8,9.5,2.542,40518,8.46,89.75,81.29,53.22
0187,1.115,10.03,1.72,29.5,3.1,2.802,1235,89.23,87.76,-1.47,43.91
0188,1.3971,10.91,1.783,11.7,0.0,3.059,2335,97.52,97.0,-0.51,63.98
0189,1.1423,4.12,1.927,23.4,0.0,3.293,2184,78.89,76.03,-2.86,34.25
0190,1.0189,5.95,2.535,10.1,1.0,2.282,3362,88.73,90.89,2.16,55.64
0191,0.8997,1.95,1.618,38.5,1.4,3.368,4033,46.24,71.44,25.19,32.57
0192,1.1513,2.88,1.834,0.0,0.0,3.234,1942,81.36,87.63,6.27,59.57
0193,1.1948,2.95,1.775,12.0,1.6,3.11,11015,21.89,81.42,59.53,61.45
0194,1.1361,3.71,1.49,51.5,0.0,3.511,1793,87.51,94.03,6.52,63.15
0195,1.1765,11.55,1.128,95.0,0.0,3.45,4589,14.06,90.71,76.66,54.17
0196,1.0873,5.28,1.352,67.7,0.2,3.474,18904,14.7,76.74,62.04,45.63
0197,1.1549,6.51,0.936,100.0,0.0,3.965,658,100.0,67.78,-32.22,32.81
0198,1.0985,11.45,1.485,51.6,0.6,3.012,2108,89.18,57.09,-32.09,32.65
0199,1.2833,1.38,1.686,18.8,0.0,3.159,7235,59.88,69.72,9.85,43.4
0200,1.2745,12.6,1.596,47.6,3.5,2.634,15046,19.38,76.22,56.84,47.15
0201,1.2198,15.16,2.553,12.2,23.6,1.638,28200,18.07,83.08,65.0,43.8
0202,1.2267,14.66,2.091,13.3,11.6,2.014,11093,46.52,74.03,27.51,53.02
0207,1.2504,6.93,1.909,8.5,0.7,2.683,16094,34.76,54.14,19.38,59.46
0208,1.3068,12.42,2.656,21.9,21.0,2.164,32211,19.42,53.39,33.98,40.3
0209,1.2632,10.63,2.361,3.7,4.8,2.308,3550,82.2,86.43,4.23,66.45
0210,1.2038,10.76,2.729,12.5,0.2,1.665,26374,25.56,77.87,52.31,59.4
0211,1.2876,7.11,2.812,14.8,4.2,2.11,24726,21.57,80.72,59.15,59.92
0212,1.4113,14.54,2.097,9.7,15.8,2.035,16520,25.62,71.42,45.8,39.29
0220,0.9198,3.08,2.498,12.3,1.4,2.505,7155,73.43,86.48,13.05,41.99
0221,1.3567,5.66,3.701,6.1,5.3,1.561,22689,43.29,79.06,35.78,50.76
0222,1.2905,8.73,2.56,26.3,13.6,2.27,11155,46.96,73.87,26.91,37.32
0250,1.1989,1.1,1.584,39.9,0.0,3.755,1861,99.84,93.93,-5.91,34.49
0264,1.1931,8.59,2.61,16.0,3.6,2.409,4479,68.99,77.89,8.9,55.3
0271,1.2458,3.19,3.599,14.4,2.1,1.886,17652,29.27,82.33,53.06,59.62
0272,1.417,8.02,4.101,0.0,35.5,0.675,12247,32.82,78.13,45.31,57.65
0273,1.4726,1.66,3.719,0.0,41.2,1.031,11007,33.48,62.82,29.34,41.6
0279,1.3332,1.44,3.446,0.0,13.1,1.289,27425,22.55,75.94,53.4,50.74
0280,1.2322,15.86,2.559,21.8,15.0,1.715,6180,73.85,85.99,12.14,48.5
0281,1.2399,17.66,2.911,1.6,30.6,1.167,7151,75.96,79.74,3.78,38.99
0282,1.1502,16.76,2.485,7.8,31.7,1.539,3260,93.56,92.87,-0.69,38.96
0283,1.2255,17.25,1.83,25.0,2.2,2.256,2585,92.92,95.36,2.44,36.76
0284,1.4191,11.32,3.702,7.3,16.6,1.0,13082,46.97,68.02,21.04,55.74
0285,1.4582,10.81,3.196,2.9,23.5,1.384,8297,67.51,72.65,5.15,39.66
0296,1.5506,15.88,3.794,12.6,21.1,0.957,17610,37.12,86.8,49.68,60.16
0297,1.5427,15.36,2.66,0.7,21.5,1.52,10030,46.61,77.13,30.52,52.53
0298,1.482,14.12,3.376,9.6,16.6,1.263,13161,59.74,84.36,24.61,48.26
0299,1.5271,11.67,3.231,0.3,18.9,1.164,13471,39.98,73.26,33.27,54.93
0300,1.5071,13.0,4.161,11.1,15.8,1.079,16048,37.35,83.34,45.99,57.19
0301,1.4326,9.34,3.757,6.3,32.0,0.88,10584,51.65,78.16,26.51,54.98
0302,1.368,7.49,4.416,10.6,9.4,1.183,19883,51.53,70.63,19.1,48.74
0310,1.3885,10.2,3.974,4.2,14.8,0.882,18703,52.52,69.15,16.63,56.13
0311,1.3465,14.98,2.557,0.0,29.6,1.144,10205,45.96,80.33,34.37,44.69
0312,1.3796,10.18,3.724,4.8,27.3,1.189,11465,58.43,92.57,34.14,67.93
0315,1.4274,19.11,2.912,0.2,30.9,0.857,12342,57.49,81.48,23.99,47.6
0316,1.4146,15.25,3.696,1.7,32.6,0.504,6985,46.69,84.81,38.13,45.95
0317,1.4401,13.46,4.641,11.8,20.3,0.547,8710,47.94,83.61,35.67,49.88
0325,1.2866,21.4,2.428,1.4,27.3,1.3,5374,48.7,64.18,15.48,37.23
0326,1.4533,21.38,2.798,10.4,28.2,1.072,8540,72.53,63.59,-8.94,33.58
0327,1.503,20.99,3.056,0.0,47.2,0.494,11817,63.11,82.56,19.45,38.29
0328,1.4403,19.49,2.544,0.0,27.0,1.323,6699,65.2,87.48,22.28,44.07
0329,1.3775,29.99,2.038,3.8,52.4,0.51,6501,53.76,92.02,38.26,50.36
0330,1.4277,29.72,2.359,31.3,36.2,0.639,6773,61.3,84.26,22.96,45.84
0331,1.3974,11.75,3.189,5.4,55.8,0.444,6801,53.95,90.52,36.57,53.48
0332,1.3629,12.3,3.798,2.3,11.5,0.851,18664,54.27,70.57,16.3,42.68
0333,1.4883,17.21,2.067,0.8,15.5,1.625,25263,14.09,83.61,69.53,65.53
0334,1.5531,13.73,3.558,12.5,36.6,0.63,11616,76.29,68.03,-8.26,48.48
0335,1.4482,13.66,3.58,0.0,41.5,0.616,15368,68.5,70.83,2.33,47.52
0351,1.3766,14.06,2.978,0.0,45.5,1.027,31745,16.03,85.23,69.2,70.93
0352,1.3916,15.06,2.888,0.0,55.0,0.851,10547,75.36,84.45,9.09,41.58
0355,1.4882,10.89,3.818,4.7,22.9,0.762,14457,40.02,75.23,35.21,65.49
0356,1.3534,18.2,2.187,32.2,17.0,1.372,12915,61.71,75.83,14.12,56.4
0357,1.4964,18.72,2.932,12.9,11.3,1.31,12202,75.84,81.56,5.72,52.5
0358,1.3691,12.76,2.906,5.9,19.5,1.282,18099,46.41,74.19,27.78,52.02
0359,1.2508,13.95,2.535,0.1,25.7,1.751,2693,93.39,95.3,1.91,62.77
0360,1.2292,15.28,2.227,26.3,20.2,1.952,3314,60.17,78.42,18.25,50.84
0361,1.1885,14.04,1.304,61.3,0.6,2.877,1657,86.96,87.9,0.94,46.02
0362,1.2009,10.3,1.72,16.2,7.4,2.696,13741,11.37,72.62,61.26,51.42
0363,1.3954,14.3,3.603,0.0,37.6,0.761,17646,63.58,77.05,13.47,58.5
0364,1.2061,14.04,2.844,27.2,14.6,1.758,8983,73.98,80.91,6.92,53.42
0384,1.3392,6.67,2.877,7.5,8.2,2.038,7212,48.88,69.3,20.42,48.8
0385,1.2684,16.14,2.234,12.9,17.4,2.187,1629,39.47,82.03,42.55,78.06
0386,1.2126,12.95,2.042,11.8,9.8,2.085,4640,59.46,71.37,11.91,72.28
0387,1.3661,15.74,2.234,27.9,26.3,1.709,26073,35.39,68.41,33.02,38.94
0388,1.3979,14.83,2.165,1.4,12.2,1.837,10852,64.34,75.44,11.1,53.94
0389,1.333,17.24,1.672,31.8,6.4,2.326,4084,57.15,62.19,5.04,51.62
0390,1.365,16.63,1.53,46.9,5.0,2.191,10070,39.96,59.78,19.82,45.44
0395,1.3077,13.12,2.23,9.1,7.1,2.326,6412,48.03,69.47,21.43,54.23
0396,1.3907,18.15,2.533,24.9,6.9,1.803,9426,39.9,76.12,36.22,64.74
0397,1.3516,16.21,2.784,13.0,18.4,1.86,7991,42.96,69.56,26.6,52.02
0411,1.4908,14.77,3.277,8.1,11.6,1.281,33126,29.95,67.72,37.77,58.96
0412,1.3994,14.94,2.572,20.5,12.2,1.77,9971,71.27,79.11,7.85,66.9
0413,1.3776,14.9,2.195,0.3,14.5,2.214,4564,86.9,97.23,10.33,57.2
0414,1.4092,16.0,2.607,12.2,13.4,1.417,29739,15.59,80.0,64.41,56.85
0430,1.4859,14.71,3.048,0.0,40.0,0.696,12512,50.08,83.05,32.97,62.1
0431,1.4525,13.97,2.968,0.2,30.2,0.999,13282,53.36,89.53,36.17,55.09
0432,1.3934,20.82,2.26,15.2,28.9,1.252,21067,49.9,56.56,6.66,38.56
0433,1.3881,11.76,3.621,0.0,29.6,0.859,13887,66.47,84.0,17.53,65.25
0434,1.3537,19.46,2.958,0.0,47.4,0.853,7212,36.19,88.71,52.52,43.68
0435,1.2681,14.33,3.331,41.5,5.2,1.572,11207,50.02,66.41,16.38,55.14
0441,1.5618,9.93,2.373,11.7,4.9,2.197,16833,32.41,66.31,33.9,29.77
0442,1.4911,8.67,3.411,0.0,16.7,1.625,45492,15.01,80.75,65.74,47.13
0443,1.4295,17.61,2.864,7.6,26.9,1.43,23707,16.99,90.68,73.69,46.29
0444,1.3694,20.42,2.871,1.0,33.4,1.141,10153,68.76,50.51,-18.24,42.47
0445,1.343,25.16,2.414,0.6,46.3,0.833,19195,35.02,92.56,57.54,70.54
0446,1.306,24.36,1.905,10.4,27.7,1.238,5806,72.3,68.6,-3.7,34.8
0447,1.3269,28.23,2.33,2.3,50.6,0.907,4728,57.38,91.27,33.89,77.52
0448,1.3466,21.85,1.558,44.4,10.5,2.244,2727,94.76,89.21,-5.55,68.05
0462,1.3511,21.38,2.645,9.7,18.9,1.255,4788,79.57,87.95,8.37,56.77
0463,1.3626,22.99,2.634,12.9,19.3,1.299,5303,93.06,94.57,1.51,45.05
0464,1.3939,25.0,2.861,0.3,44.5,0.892,5683,87.91,91.56,3.64,52.06
0465,1.4786,26.16,2.483,0.2,44.6,0.623,8937,53.12,87.13,34.02,62.39
0466,1.4469,26.8,2.573,8.1,48.5,0.609,8056,79.12,92.27,13.15,50.36
0469,1.1714,5.18,2.746,15.6,18.3,1.96,23461,24.53,58.34,33.81,36.15
0470,1.2771,6.17,3.068,6.5,15.0,1.924,15853,38.78,68.18,29.4,50.15
0471,1.2686,5.66,1.988,36.3,4.9,2.891,8160,54.95,57.39,2.43,54.42
0472,1.1474,3.62,2.867,18.3,8.9,2.594,2371,85.36,85.54,0.18,57.7
0473,1.256,4.37,2.984,0.3,11.3,1.816,19292,18.43,64.58,46.16,64.01
0474,1.2652,16.02,2.814,8.0,30.5,1.389,8435,43.92,62.48,18.56,44.48
0475,1.3204,11.41,2.853,19.0,10.0,1.952,11897,44.14,57.46,13.32,41.12
0476,1.3225,4.25,2.632,20.2,0.5,2.475,7659,36.22,65.17,28.95,40.41
0477,1.2968,4.32,2.818,9.9,1.4,2.556,7868,69.28,69.53,0.25,53.18
0508,1.4008,23.02,2.111,16.5,17.0,1.787,4556,84.06,96.62,12.56,55.61
0509,1.3193,23.86,1.789,39.6,5.2,2.086,6813,78.22,82.32,4.1,59.13
0510,1.045,17.15,1.537,48.9,4.0,2.191,5597,35.11,93.15,58.04,68.2
0511,1.3136,20.87,1.74,42.6,12.2,2.161,3744,74.33,82.78,8.45,67.56
0512,1.3335,22.17,1.817,33.9,9.6,2.068,2443,97.79,95.56,-2.23,79.86
0513,1.1831,7.31,1.948,27.6,2.9,3.126,994,100.0,100.0,0.0,54.95
0515,1.4192,10.69,2.618,16.1,4.0,2.335,43573,9.39,72.11,62.73,49.59
0516,1.3911,15.24,2.582,9.0,11.1,1.886,8597,62.44,63.7,1.26,56.22
0517,1.41,15.38,2.193,21.0,12.2,2.253,6822,73.69,65.34,-8.35,50.88
0518,1.0277,20.95,1.832,38.0,2.7,1.545,2950,84.47,89.77,5.29,54.97
0519,1.4414,21.66,2.322,23.8,9.8,1.78,6417,64.47,70.82,6.35,47.93
0520,1.3288,11.3,2.741,4.4,9.3,1.886,6866,55.88,77.84,21.96,60.67
0521,1.1257,15.57,2.171,24.5,0.3,1.887,6440,36.65,62.38,25.74,50.2
0522,1.2871,17.17,2.183,11.2,10.6,1.893,14208,25.95,81.23,55.28,56.5
0523,1.3535,7.98,3.341,0.0,22.2,1.733,41946,8.5,86.23,77.73,59.58
0524,1.3715,11.72,2.49,6.0,10.4,2.125,5437,90.45,65.31,-25.15,49.55
0525,1.3099,10.55,2.417,0.5,5.5,2.399,2012,90.51,89.15,-1.36,43.85
0526,1.2564,11.93,2.76,0.0,17.3,1.631,4408,96.73,97.23,0.5,61.26
0531,1.3889,14.72,2.376,18.8,9.0,2.296,4806,47.07,78.44,31.37,46.69
0532,1.3587,21.59,2.477,0.4,22.3,1.355,5243,45.81,80.88,35.06,39.66
0533,1.4261,11.36,2.524,0.0,9.6,2.124,4661,51.9,86.4,34.51,67.13
0537,1.4834,17.85,2.216,21.7,13.3,1.895,4984,92.54,97.46,4.92,85.42
0538,1.4146,23.91,2.385,6.1,18.5,1.385,7342,91.01,95.85,4.84,79.08
0539,1.3186,25.53,2.061,31.1,25.0,1.761,3303,35.0,80.26,45.26,80.61
0549,1.4722,12.05,2.448,0.0,14.6,2.132,49185,7.34,96.12,88.78,81.28
0550,1.4511,17.32,2.851,0.0,24.7,1.573,7459,57.33,67.09,9.76,59.84
0551,1.4641,23.81,2.213,4.1,26.6,1.461,7035,51.19,71.1,19.91,52.09
0555,1.4938,16.1,2.583,7.5,14.4,2.159,4664,64.67,75.23,10.56,64.64
0556,1.4953,18.92,2.125,10.3,12.6,2.157,3186,58.1,79.28,21.18,53.42
0557,1.4249,27.07,1.755,20.0,14.7,1.946,2791,51.99,73.36,21.37,57.2
0558,1.4197,26.33,1.879,1.1,23.0,1.8,2252,38.72,67.87,29.15,58.0
0559,1.3158,8.0,1.757,41.0,5.3,3.01,6153,73.15,82.85,9.7,68.08
0560,1.1402,5.49,1.714,28.8,0.0,3.171,3674,76.59,75.12,-1.47,48.74
0561,1.1106,11.78,1.156,75.3,0.3,3.153,3251,67.52,89.63,22.11,62.3
0562,1.2037,7.43,2.219,25.8,13.2,2.41,18323,30.98,53.43,22.45,33.97
0563,1.4068,11.19,1.507,49.6,7.1,2.839,15665,25.13,66.03,40.9,51.62
0564,1.3374,22.11,2.234,13.8,30.5,1.539,15311,24.94,93.19,68.25,74.0
0565,1.3974,13.36,2.271,21.6,7.4,2.213,7786,51.37,70.84,19.47,63.5
0566,1.3058,15.95,2.508,6.3,25.2,1.778,7202,88.5,81.04,-7.46,59.0
0567,1.3418,16.23,1.952,10.2,14.9,2.012,10308,78.15,80.04,1.89,54.57
0568,1.3371,15.12,2.467,0.5,21.6,1.759,19261,47.16,84.37,37.2,64.83
0569,1.3955,9.8,2.534,17.2,3.4,2.368,8842,78.5,84.19,5.69,45.26
0570,1.3862,10.75,2.227,25.1,0.9,2.654,7266,79.11,90.23,11.12,52.68
0571,1.3131,16.0,1.932,23.6,10.1,2.384,4436,100.0,97.52,-2.48,51.55
0579,1.4022,10.27,3.43,7.2,17.3,1.227,28334,26.42,76.65,50.23,62.86
0580,1.2238,7.87,3.118,0.0,12.8,1.655,11144,37.73,64.03,26.3,46.21
0581,1.317,13.38,2.741,1.3,18.5,1.426,8293,37.54,57.7,20.16,46.3
0582,1.4589,17.7,2.922,5.3,27.4,1.123,15907,42.31,75.12,32.8,58.32
0583,1.5088,16.64,2.489,12.7,13.0,1.5,15597,50.43,68.5,18.07,49.9
0591,1.3243,11.65,2.651,10.7,9.2,2.058,6499,61.92,69.64,7.72,53.09
0592,1.3425,14.64,2.617,1.1,19.5,1.686,2540,91.06,94.13,3.07,54.59
0593,1.3511,15.44,2.948,18.8,9.5,1.941,6330,69.29,82.32,13.03,52.85
0594,1.3233,15.33,2.65,3.8,16.8,1.54,23987,21.74,76.66,54.92,47.7
0603,1.621,14.87,2.444,13.3,21.3,1.822,7982,49.51,90.6,41.09,38.2
0604,1.4446,16.99,2.235,18.5,14.6,1.521,22437,27.72,49.87,22.15,24.98
0605,1.4076,16.31,3.119,5.0,28.5,1.269,26175,17.77,89.94,72.17,53.03
0606,1.4556,22.75,2.685,11.3,21.5,1.399,22140,23.99,84.44,60.45,48.26
0607,1.349,19.94,2.277,18.1,12.5,1.683,10838,57.1,78.26,21.17,44.9
0612,1.356,14.93,2.861,1.0,21.5,1.506,7937,75.52,77.14,1.62,60.14
0613,1.3909,15.18,2.428,4.0,13.7,1.761,6982,66.81,80.95,14.13,63.29
0617,1.4057,16.41,2.223,15.6,19.1,1.768,7990,49.69,70.07,20.39,56.0
0618,1.3611,21.78,2.257,9.1,26.2,1.372,17364,25.37,83.83,58.47,64.6
0619,1.2762,23.91,1.791,21.1,16.6,1.805,6824,34.23,89.96,55.72,68.31
0620,1.3226,16.36,2.678,13.7,23.6,1.724,5868,52.32,81.64,29.33,49.16
0621,1.3403,15.27,1.798,31.3,4.2,2.595,2872,81.44,57.99,-23.45,64.97
0633,1.3303,9.75,2.969,0.0,26.0,1.548,42804,19.46,76.47,57.01,43.87
0634,1.3143,14.92,2.927,0.0,36.0,1.301,6662,49.11,54.82,5.7,42.85
0635,1.3699,15.14,2.936,0.9,31.8,1.146,29893,28.91,59.37,30.46,34.68
0636,1.3297,12.91,2.53,23.8,19.1,2.166,46607,6.67,75.88,69.21,61.21
0637,1.3227,17.03,2.114,19.8,8.8,2.139,3284,45.28,77.33,32.05,62.67
0638,1.3679,15.54,2.115,19.2,8.9,2.301,4172,88.81,85.01,-3.8,51.34
0644,1.4014,18.91,1.737,25.2,3.4,2.291,5870,62.25,82.2,19.95,65.91
0645,1.4266,25.8,1.869,29.5,18.3,1.658,5184,66.94,67.25,0.31,49.59
0650,1.0412,6.57,1.742,32.1,0.1,3.245,28121,14.23,76.4,62.16,51.93
0651,1.0063,7.68,1.626,24.5,1.5,3.112,4583,28.34,77.3,48.95,30.44
0656,1.0521,5.3,1.955,10.1,1.6,2.753,10066,23.31,62.58,39.27,37.58
0657,0.9841,7.34,1.696,27.3,3.7,2.671,7279,23.56,86.92,63.36,44.6
0658,1.1769,0.93,1.325,57.4,0.0,3.812,340,82.65,80.0,-2.65,33.92
0663,1.3151,20.23,1.497,50.3,12.6,2.293,21408,7.74,87.41,79.67,48.89
0664,1.3037,17.8,1.477,53.0,4.2,2.652,2189,28.14,75.46,47.32,63.36
0668,1.4496,15.68,2.822,0.6,27.7,1.249,30959,21.91,88.35,66.45,63.22
0669,1.3557,20.52,2.43,0.0,31.4,1.418,20034,17.76,76.85,59.09,77.22
0670,1.3348,17.59,1.837,36.9,7.1,1.894,26735,15.13,52.51,37.38,40.74
0671,1.4406,17.23,1.949,21.6,4.9,1.884,32787,14.46,92.97,78.5,76.68
0672,1.3673,18.54,2.396,10.8,15.5,1.582,18204,26.86,82.32,55.46,63.61
0673,1.363,18.3,2.548,1.1,26.1,1.609,3717,65.91,83.03,17.12,69.88
0676,1.2748,16.18,1.929,17.7,11.4,2.547,5232,24.29,79.22,54.93,46.99
0677,1.2059,29.0,1.473,53.2,14.5,1.789,1754,96.18,96.67,0.49,62.42
0678,1.3151,15.41,1.928,29.2,15.1,2.534,2279,60.99,81.58,20.59,54.91
0679,1.2491,13.29,1.358,70.7,0.0,2.882,15313,9.76,96.51,86.76,74.03
0680,1.3938,26.79,2.027,24.0,27.5,1.548,2529,66.11,90.31,24.2,49.92
0681,1.3752,18.54,2.333,9.7,18.4,2.041,853,84.17,94.46,10.29,58.02
0686,1.465,12.93,2.72,2.1,10.6,1.759,8148,63.61,77.96,14.35,52.12
0687,1.5116,13.78,2.652,28.8,16.4,2.229,35718,22.34,46.61,24.26,42.14
0688,1.3053,20.97,1.466,53.6,9.4,2.444,14116,18.25,87.82,69.57,60.8
0689,1.3054,18.51,1.704,23.6,8.8,2.474,1738,88.38,76.18,-12.2,48.55
0690,1.1741,6.09,1.622,47.0,3.6,3.395,3945,46.49,58.97,12.48,37.75
0693,1.2826,16.33,2.347,25.1,17.4,1.917,6832,44.64,80.72,36.07,44.15
0694,1.1411,16.31,1.564,38.4,8.7,2.666,887,93.57,90.87,-2.71,64.04
0697,1.2309,16.34,1.575,46.0,4.1,2.427,31253,12.9,80.8,67.89,64.85
0698,1.4432,17.01,2.117,13.3,0.0,2.283,7020,78.77,61.02,-17.76,48.16
0699,1.2346,17.7,2.029,9.6,17.7,1.847,10516,40.31,66.43,26.12,64.11
0706,1.2304,10.04,2.191,37.9,13.9,2.582,5291,35.57,75.8,40.23,42.8
0707,1.0838,18.49,1.364,65.6,10.1,2.396,3546,60.38,76.54,16.17,47.68
0708,1.1665,8.74,1.64,41.0,3.9,2.991,8721,32.7,59.82,27.12,34.79
0709,1.1986,18.51,1.78,35.2,19.0,2.027,3851,79.12,89.85,10.73,66.7
0710,1.09,13.07,1.227,59.6,0.2,2.637,6907,20.91,84.1,63.19,81.23
0711,1.3064,14.96,1.552,47.9,4.6,2.693,10197,23.0,60.42,37.43,66.95
0712,1.37,16.23,2.822,8.0,25.7,1.632,4573,53.14,96.27,43.14,63.9
0713,1.3273,10.54,2.27,1.3,10.7,2.462,752,82.31,99.2,16.88,47.91
0717,1.1222,16.45,1.373,65.4,1.1,2.6,5202,32.95,87.16,54.22,76.17
0718,1.1144,19.43,1.548,47.0,13.4,2.304,1564,90.22,90.02,-0.2,58.11
0724,1.1972,7.05,2.027,0.2,2.1,2.433,27101,17.53,58.53,41.01,49.31
0725,1.2745,10.07,2.134,21.2,5.7,2.34,10472,25.95,87.91,61.96,63.8
0726,1.1492,15.91,1.984,18.0,16.0,2.084,2005,93.32,86.37,-6.95,80.3
0727,1.3239,13.36,1.8,23.9,2.8,2.564,25739,12.44,87.32,74.89,67.28
0728,1.2951,19.19,1.873,25.5,17.5,2.077,1581,94.24,95.26,1.02,66.33
0731,1.4033,15.67,2.026,38.4,2.6,2.493,20511,12.92,88.97,76.05,61.48
0732,1.3167,16.6,1.773,35.2,5.9,2.721,741,92.58,93.33,0.76,70.62
0733,1.2923,5.48,1.75,11.9,0.8,3.211,2736,58.92,71.6,12.68,60.54
0734,1.0947,12.99,1.006,83.2,0.0,3.115,3452,20.94,56.26,35.32,64.76
0743,1.4704,13.73,2.239,26.0,2.9,2.438,14328,21.99,86.07,64.08,68.02
0744,1.3007,18.02,1.681,35.9,4.8,2.426,2195,76.54,87.81,11.28,69.09
0759,1.388,15.58,1.991,9.8,9.3,2.383,6310,75.09,58.84,-16.25,49.34
0760,1.4134,25.66,2.248,24.2,28.6,1.184,20036,32.49,75.07,42.59,42.2
0761,1.3691,31.84,1.85,22.2,31.2,1.269,5727,48.04,61.58,13.54,64.22
0762,1.4756,13.37,2.512,0.0,10.8,1.83,15658,67.42,73.77,6.35,45.72
0763,1.4359,14.93,1.964,5.9,11.5,2.442,9954,91.78,83.48,-8.3,63.21
0764,1.433,17.3,2.155,28.4,10.5,1.718,19443,74.94,55.36,-19.58,35.5
0765,1.3801,19.62,1.464,54.7,1.5,2.616,3330,77.6,98.06,20.46,57.15
0766,1.4571,13.44,2.521,2.6,16.2,1.897,14763,75.04,84.05,9.01,70.88
0767,1.4835,15.62,2.631,16.6,10.4,1.625,15587,62.89,78.82,15.93,39.81
0768,1.4266,13.84,2.956,21.4,16.8,1.317,26589,65.88,80.6,14.72,51.55
0769,1.4241,17.44,2.686,35.6,15.6,1.96,11318,82.18,88.62,6.44,40.59
0770,1.3507,11.56,1.925,17.2,0.8,2.755,4277,93.15,94.65,1.5,54.64
0771,2.2398,12.37,1.771,29.1,0.0,3.5,45251,9.78,93.45,83.67,68.52
0772,1.2754,18.82,2.004,28.5,13.7,1.393,22567,44.96,81.36,36.4,35.39
0773,1.4803,22.59,2.542,21.1,23.0,1.295,21370,44.89,78.3,33.42,54.75
0774,1.4731,25.08,1.836,34.5,20.9,1.834,24815,22.79,81.68,58.89,59.04
0775,1.3966,20.69,1.936,20.3,9.9,2.232,5075,88.67,92.13,3.46,65.45
0776,1.4278,19.16,1.938,11.4,5.7,2.285,4167,97.48,94.82,-2.66,57.34
0777,1.3332,9.98,2.499,0.0,7.8,2.367,46068,15.5,81.76,66.26,41.08
0778,1.4137,16.03,2.394,4.4,31.5,1.677,11611,35.79,70.9,35.11,47.0
0779,1.3918,16.77,2.082,13.0,26.4,1.713,12380,49.46,88.35,38.89,68.17
0780,1.5048,16.7,2.834,12.3,21.8,1.211,14785,66.3,78.9,12.6,46.96
0781,1.4567,29.51,2.533,8.3,55.4,0.65,9065,39.25,84.18,44.93,36.7
0782,1.5018,17.2,3.652,9.2,26.6,1.007,25210,23.89,88.49,64.6,56.0
0783,1.2626,11.08,2.219,26.8,3.7,1.267,22245,57.29,51.13,-6.16,30.95
0784,1.5687,11.9,2.816,14.2,15.5,1.702,41081,56.5,74.98,18.48,43.4
0785,1.5157,15.4,1.612,43.8,3.6,2.52,38956,28.03,66.08,38.06,24.37
0786,1.5862,15.15,2.035,33.9,0.7,1.694,29503,55.31,79.92,24.61,58.75
0787,1.6052,17.42,2.624,36.3,12.0,1.936,36371,52.59,68.69,16.09,57.15
0800,1.6725,9.27,1.555,45.5,0.0,3.598,4491,79.14,92.38,13.24,67.99
0801,1.288,12.93,2.29,7.4,28.7,1.498,12991,45.04,82.32,37.28,51.16
0802,1.3965,12.0,3.258,0.7,42.7,0.672,15970,69.91,77.01,7.09,67.7
0803,1.3155,10.02,2.723,20.3,13.9,1.633,30305,51.58,79.68,28.1,45.47
0804,1.4041,8.59,2.837,38.0,4.7,1.906,31969,42.95,53.75,10.8,43.76
0810,1.2737,11.1,2.572,26.0,7.2,1.73,27507,48.97,56.12,7.15,44.1
0811,1.287,13.73,3.043,3.8,39.0,1.038,21802,55.13,72.96,17.83,61.84
0812,1.2869,11.51,1.931,36.6,13.0,1.567,30774,51.39,57.37,5.98,58.34
0813,1.3555,12.85,2.849,30.6,12.6,1.626,33270,57.97,60.23,2.26,46.93
0814,1.2801,9.97,2.373,0.0,11.7,1.976,21277,62.77,63.29,0.52,45.77
0821,1.3692,15.0,2.245,32.2,11.2,1.925,26861,53.77,71.26,17.49,40.29
0822,1.3805,19.57,2.06,31.4,15.9,1.614,30694,21.46,57.98,36.52,39.44
0823,1.311,18.75,2.257,13.7,27.3,1.627,9653,46.44,79.08,32.64,74.21
0833,1.2937,5.78,2.355,28.5,10.2,2.07,41742,21.03,70.57,49.54,32.1
0834,1.2275,8.35,2.321,22.4,4.3,2.232,22582,82.69,58.12,-24.57,36.97
0835,1.2581,8.28,2.923,26.9,13.5,1.799,29910,58.67,58.4,-0.27,41.16
0836,1.2808,7.93,2.898,18.4,14.6,1.672,32210,33.21,54.47,21.26,26.03
0837,1.3464,17.18,2.393,15.2,17.1,1.507,22909,59.44,88.98,29.54,36.04
0838,1.3949,19.58,2.068,21.1,12.8,2.236,5386,91.57,98.69,7.12,68.58
0839,1.4793,19.53,2.131,37.1,21.1,1.771,27600,50.7,77.16,26.46,48.75
0840,1.0216,17.01,1.132,76.0,0.5,1.441,20230,68.35,58.64,-9.71,29.5
0841,1.2361,19.44,1.036,82.2,0.0,1.902,18413,36.65,81.45,44.8,35.28
0842,1.5126,26.25,2.539,0.0,59.5,0.535,10253,60.3,78.55,18.24,50.94
0843,1.3189,14.03,2.618,9.1,25.6,1.948,6209,90.77,84.08,-6.69,69.74
0844,1.4163,11.11,2.215,8.9,10.9,2.31,9797,76.17,95.46,19.3,59.17
0845,1.3207,9.88,2.291,12.0,11.6,2.412,13664,36.35,76.32,39.97,54.65
0846,1.4187,9.47,1.342,59.8,0.0,3.479,1964,99.95,99.08,-0.87,39.89
0850,1.4606,18.33,2.764,1.7,32.5,1.146,32153,51.07,83.03,31.96,56.14
0851,1.3824,18.46,2.143,19.6,17.3,1.585,21990,54.62,56.64,2.01,43.33
0852,1.3577,19.46,2.005,14.9,18.2,1.712,33169,44.23,62.59,18.36,40.49
0857,1.473,21.25,1.72,40.5,21.6,2.065,8866,59.89,87.92,28.03,66.83
0858,1.0478,21.54,1.14,63.9,0.2,1.48,23566,49.06,69.23,20.17,37.24
0859,0.7603,18.39,1.082,54.6,8.3,1.22,20078,37.84,73.49,35.65,33.66
0860,1.3911,17.1,2.333,6.4,15.8,1.5,33784,24.6,56.61,32.01,46.93
0861,1.0268,17.17,1.638,41.7,8.4,1.542,21539,21.9,90.21,68.3,45.54
0862,1.4217,20.94,1.972,16.0,22.2,1.781,35567,20.14,80.79,60.65,67.92
0869,1.4404,9.08,3.136,0.0,11.3,1.874,7906,47.1,69.4,22.3,53.59
0870,1.3946,14.67,3.034,0.0,28.9,1.097,13098,76.21,90.19,13.98,54.08
0871,1.4008,14.84,1.973,24.4,10.9,2.49,7559,98.43,89.64,-8.79,29.42
0906,1.3539,10.53,3.299,13.1,12.2,1.348,25218,66.68,76.3,9.62,53.27
0907,1.0881,15.85,2.079,45.5,2.8,1.637,11426,86.81,85.09,-1.72,33.56
0908,1.5135,15.27,2.476,22.4,8.0,1.89,21803,41.63,59.27,17.64,37.04
0917,1.4392,13.78,3.095,0.0,25.6,1.288,12693,73.37,81.87,8.5,59.54
0918,1.4454,14.84,3.652,8.1,17.2,1.136,27279,56.45,60.11,3.67,58.96
0919,1.4456,14.11,2.781,12.6,20.9,1.528,28551,17.04,84.34,67.3,64.32
0926,1.4718,17.2,2.878,15.9,19.9,1.673,8254,79.92,70.97,-8.96,55.12
0927,1.3586,24.68,2.155,7.6,23.9,1.335,30594,18.68,85.03,66.35,59.27
0928,1.3009,34.95,1.562,40.1,26.0,1.344,2794,84.57,85.65,1.07,59.83
0932,1.3812,13.04,2.441,12.6,11.6,1.894,10266,76.19,71.21,-4.98,40.24
0933,1.3724,14.74,2.816,0.0,21.0,1.458,6279,76.92,85.12,8.2,57.7
0934,1.3086,20.45,2.431,13.8,25.0,1.709,3429,87.98,93.61,5.62,65.63
0935,1.4161,21.42,2.209,9.6,19.5,1.71,3748,85.89,77.01,-8.87,49.76
0945,1.3531,16.57,2.682,9.2,16.5,1.59,8676,66.63,70.32,3.69,53.85
0946,1.3549,21.54,2.253,16.9,22.8,1.522,5038,58.93,75.34,16.41,60.1
0947,1.3958,19.03,2.741,0.0,31.8,0.997,13538,46.79,72.65,25.86,52.27
0959,1.3136,8.92,2.879,0.3,6.8,1.703,12538,75.96,88.74,12.78,56.91
0960,1.3625,11.29,3.283,18.2,12.9,1.917,13698,50.03,77.4,27.37,49.33
0961,1.4375,13.9,2.802,0.0,18.4,1.696,4863,87.27,95.13,7.86,45.24
0962,1.4181,13.01,2.728,0.0,17.2,1.778,3505,96.69,97.07,0.38,54.05
0965,1.3984,19.96,2.951,5.5,30.4,1.271,7423,83.54,89.4,5.86,56.49
0966,1.3585,21.2,2.526,8.0,32.3,1.605,2494,72.37,87.66,15.29,45.51
0967,1.3152,27.27,1.762,24.8,26.6,1.454,3591,80.73,82.64,1.91,38.08
0970,1.4672,11.46,3.441,0.0,31.6,1.063,5069,87.73,84.78,-2.95,47.58
0971,1.4361,8.17,3.531,0.3,15.4,1.436,12280,56.58,69.38,12.8,34.14
0972,1.3926,11.72,2.999,0.0,6.2,1.605,17192,71.9,86.61,14.71,62.12
0973,1.4024,10.94,2.877,7.2,11.0,2.328,6120,54.74,79.11,24.38,48.52
0974,1.3989,12.22,2.435,17.1,4.4,2.088,7168,72.13,85.05,12.92,55.68
0975,1.3323,8.86,3.169,0.0,14.1,1.999,4508,85.36,80.76,-4.6,64.86
0976,1.3609,13.13,3.044,0.0,18.4,1.389,11669,75.2,90.11,14.91,60.44
0977,1.3699,13.16,2.908,0.0,13.2,1.571,13692,90.19,86.33,-3.86,68.09
0991,1.2426,2.23,3.16,13.1,5.1,2.102,58272,16.42,72.79,56.38,59.42
0992,1.2403,3.68,3.389,0.0,7.7,1.629,11695,64.74,90.42,25.69,60.06
0993,1.303,6.39,3.095,4.3,6.4,1.748,41842,21.99,74.52,52.54,44.3
0994,1.2652,4.0,2.981,0.8,4.2,1.972,6566,82.56,92.87,10.31,62.31
0995,1.2678,3.74,2.789,11.2,6.3,2.395,5443,62.81,94.78,31.96,55.76
1001,1.3067,11.82,2.976,19.3,18.6,2.037,4634,58.2,81.93,23.73,53.28
1002,1.2537,13.42,2.43,15.1,5.8,1.717,40487,18.26,90.94,72.68,57.78
1003,1.3052,11.5,1.964,20.6,12.0,2.42,18613,8.66,89.24,80.58,72.4
1004,1.261,12.44,2.555,12.1,9.7,1.848,48383,12.28,91.45,79.17,85.99
1010,1.2926,11.12,2.285,3.3,14.6,1.987,35193,12.21,74.85,62.63,59.72
1011,1.2144,18.04,2.383,1.5,31.0,1.504,23332,17.94,76.09,58.16,43.86
1012,1.1933,17.57,2.102,1.3,26.9,1.716,12302,20.67,88.3,67.63,41.43
1021,0.2425,18.39,2.954,13.7,4.7,2.432,26102,38.16,63.8,25.64,39.92
1022,1.2147,6.74,3.322,0.0,9.3,1.62,28832,31.53,61.62,30.09,47.3
1023,1.3831,10.43,3.125,6.5,20.6,1.688,11067,36.69,60.77,24.08,52.03
1032,1.1685,15.1,2.664,11.9,28.6,1.478,28245,18.44,83.47,65.04,50.79
1033,1.3015,20.72,2.24,0.0,29.2,1.574,3717,72.75,77.22,4.48,52.26
1034,1.2804,22.53,2.378,0.0,45.1,1.2,5409,25.24,82.21,56.98,53.11
1038,1.2829,19.7,2.023,32.9,23.7,1.759,6207,75.24,88.2,12.97,51.2
1039,1.3443,16.37,2.871,0.0,34.2,1.283,7658,93.48,83.74,-9.74,63.1
1048,1.3081,20.65,2.186,38.0,21.0,1.842,7449,67.81,71.63,3.82,57.51
1049,1.2933,17.72,3.047,2.4,40.4,0.809,11928,78.03,85.9,7.88,47.92
1052,1.2562,17.4,2.166,0.2,20.3,1.572,8400,68.77,81.17,12.4,61.75
1053,1.2045,22.41,1.64,39.2,17.0,1.979,3044,48.29,63.14,14.85,52.96
1057,1.5345,19.83,2.914,2.8,33.5,1.086,6714,77.21,91.49,14.28,55.5
1058,1.4815,25.68,2.422,0.0,39.2,1.355,5303,51.97,77.29,25.32,41.55
1075,1.2987,9.52,3.239,9.5,11.2,1.626,8991,63.92,79.39,15.47,56.36
1076,1.1507,10.69,3.27,0.0,24.8,1.35,12815,76.71,94.69,17.99,74.2
1077,1.3434,11.04,2.696,18.6,8.6,1.882,19543,54.58,67.02,12.44,21.97
1078,1.3222,11.35,2.497,17.3,4.5,2.206,11729,78.8,71.66,-7.14,35.96
1079,1.2272,18.25,2.729,12.0,36.0,1.159,15731,42.96,73.21,30.25,28.14
1080,1.2941,12.16,2.832,0.0,26.8,1.473,20634,26.72,78.02,51.3,48.56
1081,1.383,14.8,2.752,25.9,20.1,1.566,21743,48.65,65.94,17.29,45.04
1082,1.2954,8.53,3.137,4.2,16.6,1.323,18432,53.22,60.14,6.92,30.86
1083,1.1803,15.75,2.308,0.0,25.1,1.738,4550,71.91,76.46,4.54,46.79
1084,1.1778,12.02,2.002,18.5,3.8,2.161,12244,65.36,66.27,0.91,32.55
1088,1.2429,15.64,2.398,19.7,4.6,2.091,5545,76.63,86.56,9.93,64.99
1089,1.3385,17.36,3.273,15.7,22.2,1.33,7797,67.08,82.17,15.1,30.8
1090,1.2997,23.96,1.945,8.1,33.9,1.301,3837,78.99,92.52,13.52,36.69
1091,1.3875,12.99,2.304,11.0,8.7,2.154,7465,65.13,73.62,8.49,48.83
1092,1.4154,16.5,2.512,17.6,4.7,1.855,6819,68.85,72.85,4.0,52.39
1093,1.3585,18.41,2.447,12.3,16.8,1.743,4460,65.43,83.34,17.92,52.58
1094,1.4271,16.57,2.574,24.6,6.9,2.002,19757,31.06,77.08,46.01,62.42
1095,1.3826,17.91,2.195,22.1,9.1,2.08,14538,34.92,85.5,50.58,69.91
1096,1.1534,18.95,1.87,36.6,0.1,1.859,5133,82.58,83.39,0.8,81.67
1098,1.4419,16.61,2.64,1.0,24.4,1.356,10281,77.27,92.89,15.62,46.3
1099,1.418,15.56,2.979,1.2,22.8,1.387,11275,85.12,90.8,5.68,55.42
1100,1.4568,16.99,2.413,19.8,4.9,1.76,7329,74.31,77.49,3.18,49.26
1101,1.4151,16.03,2.949,14.2,12.6,1.373,9514,72.95,60.9,-12.05,39.88
1102,1.3661,17.61,2.767,11.8,17.3,1.458,4172,84.42,74.58,-9.84,53.75
1103,1.3701,7.07,2.921,5.4,7.0,2.176,16220,34.49,75.72,41.23,35.68
1104,1.2818,19.67,2.39,14.0,9.8,1.615,10359,72.65,85.25,12.6,60.76
1106,1.3801,8.59,2.913,13.5,11.1,2.208,9797,36.36,88.35,51.99,75.13
1107,1.4179,10.19,3.199,0.0,14.5,1.294,17397,57.0,77.0,20.0,46.63
1108,1.4821,11.03,3.75,0.0,29.7,0.976,13306,57.73,81.72,23.99,53.53
1109,1.3416,10.46,2.732,28.2,2.6,2.319,9869,63.57,79.61,16.03,51.87
1117,1.6172,3.0,3.122,1.8,0.0,1.886,13103,74.55,81.6,7.05,51.64
1118,1.2205,15.65,1.949,19.1,10.4,2.271,4254,84.49,78.69,-5.8,51.53
1119,1.2433,20.11,1.902,17.5,11.6,1.961,3337,41.11,82.41,41.3,41.93
1123,1.3298,9.32,2.627,26.9,4.3,2.543,4826,73.58,82.54,8.96,69.62
1124,1.3809,14.73,2.936,0.0,28.3,1.308,5196,67.84,82.42,14.58,57.15
1125,1.328,15.17,3.031,11.0,26.2,1.545,5056,56.94,82.29,25.35,50.56
1126,1.2198,16.76,1.845,13.0,6.9,2.139,3023,67.88,67.93,0.05,55.84
1127,1.3831,10.38,3.07,0.0,14.8,1.323,9669,58.61,61.05,2.44,48.75
1128,1.3121,20.82,2.17,25.6,10.0,1.787,5470,55.27,70.43,15.17,38.69
1129,1.3715,8.49,3.243,2.9,7.9,1.63,8569,62.8,72.9,10.11,57.37
1130,1.3765,11.41,2.949,9.1,19.3,1.502,15954,20.17,57.25,37.08,44.17
1131,1.2824,14.34,2.922,21.7,6.9,1.867,6027,88.53,89.27,0.74,60.37
1135,1.2521,21.43,2.379,0.2,34.5,1.202,3973,87.24,90.05,2.81,46.47
1136,1.2106,25.78,2.054,2.7,36.4,1.282,3668,63.58,90.24,26.67,63.74
1144,1.4031,20.07,2.409,28.8,9.0,1.814,6697,71.85,73.78,1.92,42.27
1145,1.4162,14.88,3.331,4.7,32.2,1.064,25222,36.47,44.74,8.27,22.56
1146,1.3584,19.64,2.866,17.8,37.8,1.157,19583,41.2,80.87,39.67,45.23
1147,1.3605,20.06,2.544,5.1,21.3,1.421,8770,76.59,79.58,2.99,70.82
1148,1.326,18.81,2.396,8.3,23.1,1.559,7148,79.39,77.83,-1.56,61.76
1149,1.2781,18.7,1.611,46.8,13.7,2.401,2933,65.02,81.44,16.42,44.64
1150,1.4421,16.64,2.963,0.0,31.4,0.844,15968,70.94,77.74,6.79,51.69
1151,1.5399,19.5,3.027,0.1,23.2,0.945,12129,62.74,81.4,18.66,55.18
1152,1.4083,19.08,2.481,1.1,25.0,1.687,3276,78.51,82.81,4.3,53.97
1153,1.3117,18.57,1.82,31.3,6.0,2.425,4358,91.35,92.34,0.99,48.83
1154,1.3186,27.9,1.892,0.2,29.7,1.363,2177,67.98,83.77,15.79,55.96
1155,1.2386,25.53,1.704,21.8,12.7,1.708,3767,57.34,86.3,28.96,49.94
1156,1.2851,19.49,2.059,25.5,13.5,2.085,5592,55.97,83.59,27.62,40.3
1157,1.2879,18.86,2.151,0.0,21.8,1.695,6536,76.06,71.89,-4.16,36.52
1158,1.2944,27.14,1.606,30.0,13.9,1.743,3095,76.16,76.35,0.2,70.9
1162,1.3926,16.22,2.281,19.6,16.2,2.238,3452,86.3,91.74,5.45,76.91
1163,1.3459,21.78,2.112,12.8,13.7,1.714,6166,71.93,76.68,4.75,68.59
1164,1.3329,27.28,1.678,33.0,17.2,1.705,1450,85.45,85.66,0.21,70.49
1165,1.3761,11.28,3.452,0.0,19.1,1.416,12415,60.46,80.23,19.77,60.41
1166,1.3064,12.04,2.985,0.0,14.3,1.457,14003,67.59,80.68,13.09,57.24
1167,1.3138,11.59,2.071,16.8,8.6,2.301,5956,78.44,83.62,5.18,73.34
1170,1.3754,6.71,2.847,0.0,13.5,1.858,7243,66.3,80.24,13.94,61.76
1171,1.3892,12.76,2.526,7.4,9.7,2.146,5325,96.92,88.9,-8.02,50.59
1174,1.0646,16.87,2.309,22.1,7.2,1.546,5159,76.78,82.11,5.34,53.69
1175,1.3436,15.21,2.321,15.8,8.5,1.996,7677,81.46,91.33,9.87,58.22
1176,1.0693,16.56,2.382,25.5,4.9,1.787,3098,82.21,74.07,-8.14,32.8
1179,1.4596,18.85,2.319,25.9,8.0,1.723,14608,56.67,78.22,21.54,53.33
1180,1.3877,19.25,2.411,8.7,25.1,1.611,15059,27.17,70.99,43.82,40.46
1181,1.3988,23.06,2.211,4.9,25.2,1.284,17170,49.88,90.4,40.52,60.42
1182,1.4203,25.23,2.319,15.1,30.2,1.046,19399,24.8,80.34,55.54,62.83
1183,1.3958,15.71,2.906,7.0,20.5,1.753,6008,88.76,78.11,-10.66,49.71
1184,1.439,16.55,2.734,0.0,27.4,1.457,3309,83.38,80.42,-2.96,64.19
1192,1.3889,12.64,2.642,0.0,15.8,1.426,10877,75.9,70.62,-5.28,55.44
1193,1.3981,13.79,3.168,2.2,25.5,1.293,8732,64.95,75.53,10.58,63.59
1194,1.412,18.59,3.247,0.0,44.9,0.933,16749,24.41,76.87,52.46,51.81
1195,1.3398,17.72,2.448,5.1,13.8,1.596,11249,76.49,74.87,-1.62,60.9
1196,1.1925,22.43,1.734,30.7,6.5,1.973,5358,63.76,68.66,4.9,42.88
1201,1.361,14.11,2.289,8.7,5.0,2.213,5018,45.78,64.34,18.57,36.1
1202,1.3224,18.24,2.522,0.0,23.7,1.619,4954,81.61,87.81,6.2,67.37
1203,1.2974,18.96,1.936,9.3,10.5,1.946,3721,71.75,77.64,5.89,35.46
1204,1.7023,20.84,3.01,15.7,15.9,1.051,17948,55.09,82.34,27.25,40.96
1205,1.471,23.69,2.833,0.0,33.1,0.784,19778,56.4,79.89,23.5,42.78
1206,1.5975,16.66,3.438,0.0,59.9,0.434,13015,68.11,63.58,-4.53,44.85
1207,1.3843,23.33,2.602,0.1,41.6,0.835,19515,38.27,87.88,49.6,63.59
1208,2.0796,22.39,1.654,45.2,0.2,1.737,27493,68.77,57.05,-11.72,31.65
1209,1.4923,19.83,2.553,21.3,37.9,1.347,5864,85.49,96.65,11.17,60.71
1210,1.5607,25.81,2.626,4.0,20.6,0.815,14547,41.11,83.42,42.31,59.63
1211,1.4865,27.49,2.59,5.9,38.1,0.707,15887,40.78,87.06,46.27,66.71
1212,1.5222,29.26,2.716,12.7,55.3,0.514,9613,87.91,94.05,6.14,39.76
1216,1.5288,16.04,2.556,2.5,22.7,1.631,7769,75.12,74.75,-0.36,45.29
1217,1.4584,19.21,2.685,2.7,30.7,1.271,7221,73.38,80.04,6.66,36.75
1218,1.4479,18.75,3.1,3.0,34.3,1.322,6115,68.75,82.2,13.46,41.51
1219,1.5362,19.94,2.785,0.0,41.4,0.758,20315,54.91,74.88,19.98,42.0
1220,1.5676,15.42,3.387,10.9,22.2,1.163,29960,31.8,59.85,28.06,49.31
1226,1.3506,18.17,2.923,0.0,23.3,1.224,12117,45.32,77.5,32.17,56.11
1227,1.4647,25.53,2.625,4.8,48.5,0.665,12818,55.25,80.53,25.28,37.3
1228,1.392,21.81,2.378,10.6,40.5,1.001,13919,37.88,66.2,28.33,58.92
1229,1.5193,22.11,2.581,5.0,34.3,0.919,18651,42.13,62.93,20.81,43.93
1230,1.4567,30.96,2.358,10.0,59.3,0.511,6703,80.83,90.0,9.17,49.58
1233,1.2019,17.56,2.268,12.8,20.3,1.638,10045,51.95,62.46,10.51,46.9
1234,1.2588,19.07,2.348,3.1,28.8,1.458,17263,34.18,71.02,36.85,41.66
1235,1.2851,17.85,2.48,9.8,29.3,1.486,27945,16.67,65.06,48.39,33.23
1247,1.5061,4.43,3.568,0.0,10.9,1.796,18415,49.58,61.31,11.73,42.76
1248,1.494,11.32,2.856,13.9,5.4,1.481,12336,60.35,90.4,30.05,59.19
1249,1.3572,21.64,2.219,17.9,20.4,1.546,7636,56.52,80.17,23.65,60.37
1250,1.5023,17.23,3.802,0.0,38.1,0.637,8808,77.61,79.82,2.21,66.9
1254,1.3078,3.48,3.606,16.2,10.8,1.553,16988,72.04,67.15,-4.89,36.57
1255,1.2664,2.97,3.321,0.3,11.7,1.276,33584,22.78,84.44,61.66,60.55
1256,1.3029,2.85,3.133,3.7,19.5,1.352,23681,23.13,50.99,27.85,63.78
1257,1.2205,5.74,3.249,0.5,11.5,1.084,27865,27.13,65.98,38.85,57.9
1258,1.2426,13.47,2.636,21.2,18.6,1.163,25097,62.38,66.98,4.6,42.86
1259,1.3287,15.44,2.798,15.8,21.1,0.864,17478,58.08,75.41,17.33,44.69
1260,1.3159,13.39,3.963,11.7,25.3,0.732,24494,90.97,80.02,-10.95,53.49
1261,1.3548,9.31,3.891,17.4,18.8,1.125,24445,61.33,74.2,12.87,28.35
1262,1.3844,9.85,3.308,8.9,26.1,1.516,17893,36.57,60.02,23.45,46.48
1263,1.3193,7.1,4.135,3.9,14.6,0.917,20686,59.88,71.04,11.15,37.36
1264,1.2326,14.31,2.021,12.3,7.8,2.216,5093,68.39,80.29,11.91,53.08
1265,1.3994,10.18,3.667,0.0,26.0,0.782,21644,30.58,78.97,48.4,60.8
1275,0.9679,6.95,3.467,15.5,13.2,1.074,26344,28.81,71.66,42.85,30.98
1276,1.042,7.21,3.091,9.3,11.5,1.057,18966,56.27,73.25,16.98,50.09
1277,1.3584,17.74,2.851,0.0,43.7,0.594,13777,68.34,82.78,14.44,42.61
1278,1.3244,14.39,3.25,30.1,15.1,1.056,14758,55.69,78.06,22.36,43.05
1279,1.3887,15.99,2.608,6.6,33.5,1.144,18339,72.04,83.54,11.5,49.33
1280,1.4211,16.2,3.059,0.0,56.2,0.343,8219,94.8,87.91,-6.9,46.64
1285,1.269,5.16,2.805,0.7,2.4,2.358,9092,67.75,75.59,7.84,59.98
1286,1.3331,14.96,3.223,7.3,17.8,0.948,14268,53.86,86.12,32.26,69.7
1287,1.3874,17.95,3.46,19.9,9.8,1.107,17124,47.44,68.34,20.91,46.54
1288,1.4355,16.12,2.685,5.9,18.1,1.223,16422,64.35,73.52,9.18,49.36
1289,1.2694,12.92,3.074,0.0,22.6,0.792,18764,53.0,74.64,21.64,43.8
1290,1.3487,16.81,3.292,11.7,17.7,0.941,18216,52.27,78.98,26.71,58.92
1291,1.3257,9.67,3.181,9.4,14.7,1.215,17482,62.64,72.5,9.87,52.14
1292,1.3498,9.32,4.071,0.0,34.6,0.705,12166,25.23,64.31,39.08,44.28
1293,1.1989,1.06,3.068,0.0,3.6,1.802,42030,21.4,66.96,45.56,56.62
1294,1.3102,10.34,2.107,8.4,7.8,2.278,3853,68.62,57.18,-11.44,49.06
1295,1.3941,16.64,2.458,3.0,17.3,1.646,43409,45.9,58.68,12.77,51.36
1297,1.3321,17.01,2.64,0.0,29.8,1.601,3040,83.26,90.88,7.63,55.43
1298,1.5043,17.76,2.864,29.1,17.0,1.135,18305,50.3,73.55,23.24,37.49
1299,1.5173,25.16,2.841,0.0,49.0,0.507,11284,56.12,83.46,27.33,43.82
1302,1.3375,8.13,3.902,0.9,22.5,0.826,16753,53.86,75.59,21.73,41.69
1303,1.2628,11.5,3.391,12.2,10.9,1.389,15185,74.92,74.41,-0.51,50.56
1304,1.3597,13.41,3.65,3.8,32.9,0.508,12757,85.91,83.98,-1.94,47.15
1305,1.3094,10.17,3.965,1.0,26.8,1.042,21237,42.52,80.37,37.84,46.08
1306,1.3369,16.18,2.2,30.2,24.2,1.91,19973,34.41,62.02,27.61,47.93
1307,1.3245,22.92,2.134,2.8,38.7,1.394,31859,12.63,93.38,80.75,59.65
1308,1.4575,19.09,3.766,2.0,35.4,0.52,14163,87.79,74.51,-13.28,34.84
1314,1.3269,19.46,1.993,23.4,10.1,1.835,7014,64.57,87.81,23.24,70.02
1315,1.4318,24.34,2.426,0.0,34.3,1.135,22509,25.32,71.39,46.07,40.69
1329,1.1869,19.62,2.443,21.3,12.2,1.06,17037,45.27,81.44,36.18,34.48
1330,1.3114,10.09,2.779,0.0,27.5,1.733,37428,12.0,95.18,83.17,54.78
1331,1.3749,17.25,3.652,0.0,38.5,0.491,18088,67.13,75.39,8.26,32.79
1332,1.241,18.16,2.616,14.5,27.1,1.455,18164,39.45,81.56,42.11,44.65
1335,1.3859,7.89,3.852,1.3,20.4,0.748,16905,41.76,78.57,36.81,44.18
1336,1.3607,8.8,3.617,9.4,16.6,0.998,21565,32.43,56.06,23.62,39.34
1337,1.4615,18.96,3.046,10.6,33.0,0.835,17467,41.16,83.21,42.05,57.21
1338,1.4337,10.55,4.345,0.0,21.4,0.548,12267,76.13,78.24,2.11,36.36
1339,1.476,11.89,3.435,0.0,3.5,1.143,31024,43.92,63.49,19.57,50.43
1340,1.5732,17.56,2.804,18.3,7.8,1.028,15581,47.15,78.27,31.12,50.43
1347,1.3495,18.4,2.562,26.6,17.2,1.462,11250,50.25,70.79,20.54,57.14
1348,1.3933,22.1,1.973,20.6,22.4,1.849,2661,83.05,84.68,1.63,41.65
1349,1.4996,18.52,2.481,20.1,5.7,1.836,8178,50.97,83.92,32.96,67.71
1353,1.3836,15.13,2.665,30.3,6.9,1.667,24298,26.61,60.09,33.49,48.16
1354,1.3935,20.98,2.097,23.3,17.3,1.6,31722,19.53,76.55,57.02,52.14
1355,1.2957,21.97,2.634,2.1,44.8,0.967,4962,77.13,88.1,10.97,39.56
1356,1.3068,15.47,3.29,1.0,25.8,1.428,5986,78.7,92.83,14.13,66.53
1364,1.4495,4.99,3.48,11.8,6.0,1.436,31806,40.14,73.84,33.7,50.51
1365,1.3133,2.72,2.984,8.0,2.6,2.245,38867,18.79,71.7,52.91,43.22
1368,1.3471,10.9,4.008,0.0,28.7,0.609,16844,52.28,79.62,27.34,57.2
1369,1.3501,10.1,3.617,5.9,27.0,1.124,32463,32.99,72.36,39.37,47.23
1384,1.3108,14.79,2.79,0.0,28.9,1.316,16875,22.52,80.48,57.96,49.98
1385,1.3805,18.91,2.454,0.0,37.6,1.053,15834,28.02,71.17,43.15,55.75
1386,1.3233,17.06,2.5,0.0,40.4,1.302,20173,23.69,72.62,48.93,64.15
1387,1.2351,3.27,2.479,29.8,12.3,2.29,13785,56.61,82.97,26.37,47.66
1388,1.3004,9.64,2.603,0.0,16.9,1.895,9365,34.65,51.98,17.33,35.65
1389,1.3006,2.84,2.795,0.0,4.7,2.14,41690,20.02,82.63,62.61,51.3
1390,1.2724,6.46,2.505,5.6,12.4,1.57,20264,27.81,60.13,32.32,40.65
1391,1.2469,8.47,3.113,0.0,24.0,1.69,4389,59.67,91.71,32.03,69.4
1394,1.5414,12.94,3.588,28.9,1.7,1.504,26914,29.31,77.05,47.74,52.13
1395,1.5562,23.0,2.414,36.6,18.1,1.322,21153,27.16,80.93,53.78,69.38
1396,1.0029,15.5,2.382,23.1,6.7,0.729,10784,53.39,75.55,22.16,52.52
1397,1.3412,2.77,3.986,0.0,12.2,1.009,28681,31.9,77.05,45.16,59.51
1398,1.385,8.51,2.576,18.2,0.7,2.402,7308,65.59,84.81,19.23,61.55
1399,1.4239,9.97,2.279,36.8,0.0,2.592,22849,23.22,47.57,24.35,37.06
1400,1.5243,16.92,2.463,28.7,4.5,1.794,23871,34.41,71.11,36.7,48.85
1401,1.4106,20.11,2.18,22.7,15.0,1.582,29083,18.62,74.47,55.85,63.26
1407,1.4456,18.38,3.116,0.0,51.0,0.523,14487,44.99,78.67,33.68,42.66
1408,1.4246,22.07,2.474,4.1,38.7,0.9,15143,38.34,68.49,30.15,57.05
1409,1.4843,18.9,2.411,21.4,22.3,1.103,18236,37.01,71.54,34.53,44.52
1410,1.4237,21.29,2.646,0.0,67.9,0.545,6509,59.33,79.89,20.56,33.08
1411,1.2327,17.53,1.96,0.1,29.6,1.884,3917,78.45,84.72,6.27,59.12
1412,1.2338,3.95,3.08,6.6,4.5,1.771,21557,42.2,73.49,31.29,54.62
1413,1.3902,11.64,2.648,6.8,13.0,2.167,3175,70.8,86.26,15.45,51.49
1414,1.3335,10.16,2.269,9.4,5.0,2.569,3741,56.11,74.29,18.18,27.0
1421,1.3787,15.17,2.93,0.0,34.2,1.019,27309,23.56,76.52,52.97,61.61
1422,1.3564,14.5,1.599,41.1,6.3,2.524,4145,72.09,88.92,16.84,74.34
1423,1.2748,15.21,1.865,39.5,14.1,2.266,4093,83.46,86.59,3.13,80.99
1424,1.4223,19.33,2.536,9.3,26.1,1.26,12477,31.44,76.58,45.14,56.87
1430,1.3988,17.42,2.349,2.4,23.0,1.652,19697,21.85,85.9,64.05,59.12
1431,1.336,15.3,2.763,20.8,13.6,1.663,14963,29.07,79.54,50.47,64.34
1432,1.3678,15.59,2.307,31.1,5.2,1.804,36461,20.9,72.2,51.3,51.36
1433,1.4239,13.05,2.766,16.1,15.3,1.247,21594,25.01,60.22,35.21,54.44
1441,1.3606,17.59,2.496,25.0,14.3,1.492,32461,27.49,73.0,45.51,57.13
1442,1.3858,16.17,2.322,17.1,23.5,1.714,5591,56.16,70.2,14.04,61.0
1443,1.4071,17.21,2.964,22.5,12.7,1.318,30980,25.39,63.18,37.78,36.09
1444,1.0854,14.16,2.799,0.0,35.9,1.025,6295,75.06,85.86,10.8,29.79
1445,1.2268,16.67,2.289,22.7,24.4,1.289,18083,24.42,68.83,44.42,55.1
1446,1.336,16.15,2.961,14.9,31.7,1.003,13890,34.66,57.77,23.11,51.12
1447,1.3577,18.85,1.977,32.9,10.9,1.543,31314,32.54,62.11,29.57,49.74
1448,1.4374,17.51,2.694,25.9,22.6,1.048,15112,33.85,74.95,41.1,54.86
1449,1.3763,17.52,2.631,21.4,18.0,1.307,14821,35.1,67.49,32.39,58.06
